beautiful: [-1.1417304 -1.0358324  1.1202044  0.6366386 -1.2635008  0.589249
 -0.8906991 -0.7407757]
boy: [ 0.554683  -0.8653596 -0.3424738 -0.427337  -0.5112961  1.0589361
  1.1650472  1.2741257]
can: [ 0.9883436  -0.7457399  -0.24801907  0.5738463  -0.19515471  0.23187815
 -0.79894936  1.1673566 ]
children: [-1.0315188   0.8652139   0.05514289  0.5906048   0.7501702  -0.9074812
 -0.98121744 -1.038727  ]
daughter: [-0.48990035 -0.9876244  -0.10003114  0.98165387 -0.7262341   1.2714238
 -0.508145   -0.82991993]
family: [ 1.0314015   0.5328047  -1.1647418   0.70495933  1.2454828  -0.31318247
 -0.3959776  -1.323436  ]
future: [ 0.6880658  -0.29936    -1.052199   -1.3599635   1.1272967   0.42751345
  0.5532837   0.1220647 ]
king: [-0.45393842  0.44727316  0.3708964   0.47060102  0.6755761  -0.8978851
  1.0289294   0.10843629]
man: [ 0.97514355  0.20957503  0.24714328 -1.1035057  -0.5812908   1.5354981
  0.5027747  -0.85545444]
now: [ 0.9034531   1.2678542   0.33503497 -0.7879218  -1.1962813   0.8409676
 -0.26518035  0.7915977 ]
only: [-0.9760768  -0.5727159   1.205399   -0.8930847  -0.66564745  0.87382734
  0.7921009   0.9169248 ]
prince: [ 1.3550006  -0.11470493  0.98454803 -0.70347315 -1.0242075  -0.40437052
  0.9814052  -1.0403477 ]
princess: [-1.0534413   0.42166564 -0.76302093  0.51887196 -1.1931893  -0.6866183
 -1.1498163   0.6069367 ]
queen: [-1.2750174  -0.5032811   0.7708578  -0.9258728   0.6844847   0.36343703
 -1.0644193  -1.0078154 ]
realm: [ 1.3650955   0.44503266  1.0413306  -1.0359856   0.64406693 -0.50587744
 -1.1334656  -0.30342457]
royal: [-0.66943705 -0.3917602  -0.93338674 -1.3391379   1.186158   -0.7523868
  0.03964084 -0.80991256]
rule: [ 1.075396   -0.9481777  -1.2266498   0.7226401   0.15798126 -0.97063273
 -0.10408995 -0.3842482 ]
son: [ 0.13311657 -0.2781624  -1.4801054  -0.9737928   0.6641372   1.1176137
  0.7519398   0.7629399 ]
strong: [ 1.0080688  -0.5408188   0.31449082 -0.23219447  1.2754654   1.0212013
  1.1658033   1.098591  ]
their: [-0.876686   -0.99712956 -1.1292093  -0.47213724  0.20536292 -1.2090446
 -1.1868849  -0.8779674 ]
woman: [-0.25242653  0.6925684  -0.9000923   1.1835798  -0.36660552  1.4868822
 -0.5582686  -0.29166302]
